TEXT the movie was a brilliant masterpiece with stunning visuals and a powerful story.
1 -3.241139 3.840413 0.982173 2 13 956 3256 54 2771 2680 1866 806 2666 1270 1362 2771 3810 3040 0 0 0 0 0 0 0 0 0 0 0 0 0 0 0 0 0 0 0 0 0 0 0 0 0 0 0 0 0 0 0 0 0 0 0 0 0 0 0 0 0 0 0 0 0 0 0 0 0 0 0 0 0 0 0 0 0 0 0 0 0 0 0 0 0 0 0 0 0 0 0 0 0 0 0 0 0 0 0 0 0 0 0 0.605830 0.376344 -1.000000 -1.000000 -1.000000 -1.000000 -1.000000 -1.000000 0.546645 0.558925 -1.000000 -1.000000 -1.000000 -1.000000 -1.000000 -1.000000
TEXT an absolute disaster, boring and painfully slow from start to finish.
0 5.676521 -4.156321 1.032259 2 11 1399 1521 2640 1399 1362 2738 3194 3555 2037 3259 1619 0 0 0 0 0 0 0 0 0 0 0 0 0 0 0 0 0 0 0 0 0 0 0 0 0 0 0 0 0 0 0 0 0 0 0 0 0 0 0 0 0 0 0 0 0 0 0 0 0 0 0 0 0 0 0 0 0 0 0 0 0 0 0 0 0 0 0 0 0 0 0 0 0 0 0 0 0 0 0 0 0 0 0 0 0 0.592569 0.439690 -1.000000 -1.000000 -1.000000 -1.000000 -1.000000 -1.000000 0.582094 0.572946 -1.000000 -1.000000 -1.000000 -1.000000 -1.000000 -1.000000
TEXT it starts slow but the brilliant ending makes it absolutely worth watching.
1 -5.783033 7.074456 0.723193 2 12 2016 1849 3194 3396 956 2680 53 3084 2016 2399 998 3553 0 0 0 0 0 0 0 0 0 0 0 0 0 0 0 0 0 0 0 0 0 0 0 0 0 0 0 0 0 0 0 0 0 0 0 0 0 0 0 0 0 0 0 0 0 0 0 0 0 0 0 0 0 0 0 0 0 0 0 0 0 0 0 0 0 0 0 0 0 0 0 0 0 0 0 0 0 0 0 0 0 0 0 0 0.453703 0.269491 -1.000000 -1.000000 -1.000000 -1.000000 -1.000000 -1.000000 0.486721 0.610531 -1.000000 -1.000000 -1.000000 -1.000000 -1.000000 -1.000000
TEXT great cast but the terrible script ruins the whole film completely.
0 6.892955 -4.923675 0.954899 2 11 2079 846 3396 956 1733 946 3105 956 3603 821 2844 0 0 0 0 0 0 0 0 0 0 0 0 0 0 0 0 0 0 0 0 0 0 0 0 0 0 0 0 0 0 0 0 0 0 0 0 0 0 0 0 0 0 0 0 0 0 0 0 0 0 0 0 0 0 0 0 0 0 0 0 0 0 0 0 0 0 0 0 0 0 0 0 0 0 0 0 0 0 0 0 0 0 0 0 0 0.527183 0.427716 -1.000000 -1.000000 -1.000000 -1.000000 -1.000000 -1.000000 0.508109 0.467244 -1.000000 -1.000000 -1.000000 -1.000000 -1.000000 -1.000000
TEXT this film is not bad at all, i actually enjoyed every minute of it.
0 6.866768 -4.888354 0.978535 2 14 1561 821 749 1998 1615 2097 3628 1908 1252 1984 3069 3603 22 2016 0 0 0 0 0 0 0 0 0 0 0 0 0 0 0 0 0 0 0 0 0 0 0 0 0 0 0 0 0 0 0 0 0 0 0 0 0 0 0 0 0 0 0 0 0 0 0 0 0 0 0 0 0 0 0 0 0 0 0 0 0 0 0 0 0 0 0 0 0 0 0 0 0 0 0 0 0 0 0 0 0 0 0.542728 0.435807 -1.000000 -1.000000 -1.000000 -1.000000 -1.000000 -1.000000 0.513448 0.449534 -1.000000 -1.000000 -1.000000 -1.000000 -1.000000 -1.000000
TEXT the acting is good yet the plot feels dull, hollow and predictable.
0 6.363960 -4.561733 1.645041 3 12 956 451 749 2262 2783 956 961 3441 1903 3551 1362 1468 0 0 0 0 0 0 0 0 0 0 0 0 0 0 0 0 0 0 0 0 0 0 0 0 0 0 0 0 0 0 0 0 0 0 0 0 0 0 0 0 0 0 0 0 0 0 0 0 0 0 0 0 0 0 0 0 0 0 0 0 0 0 0 0 0 0 0 0 0 0 0 0 0 0 0 0 0 0 0 0 0 0 0 0 0.694120 0.518695 0.432227 -1.000000 -1.000000 -1.000000 -1.000000 -1.000000 0.484725 0.538887 0.493412 -1.000000 -1.000000 -1.000000 -1.000000 -1.000000
TEXT a wonderful charming little film, smart and genuinely funny throughout.
1 -4.499488 5.242299 1.001871 2 10 2771 1639 2862 3045 821 512 1362 3546 714 235 0 0 0 0 0 0 0 0 0 0 0 0 0 0 0 0 0 0 0 0 0 0 0 0 0 0 0 0 0 0 0 0 0 0 0 0 0 0 0 0 0 0 0 0 0 0 0 0 0 0 0 0 0 0 0 0 0 0 0 0 0 0 0 0 0 0 0 0 0 0 0 0 0 0 0 0 0 0 0 0 0 0 0 0 0 0 0.618558 0.383314 -1.000000 -1.000000 -1.000000 -1.000000 -1.000000 -1.000000 0.569438 0.548030 -1.000000 -1.000000 -1.000000 -1.000000 -1.000000 -1.000000
TEXT i wanted to love it, but sadly the movie is a tedious lifeless mess.
0 3.589616 -2.682860 1.042903 2 14 1908 3322 3259 1568 2016 3396 3495 956 3256 749 2771 179 1569 1925 0 0 0 0 0 0 0 0 0 0 0 0 0 0 0 0 0 0 0 0 0 0 0 0 0 0 0 0 0 0 0 0 0 0 0 0 0 0 0 0 0 0 0 0 0 0 0 0 0 0 0 0 0 0 0 0 0 0 0 0 0 0 0 0 0 0 0 0 0 0 0 0 0 0 0 0 0 0 0 0 0 0 0.578142 0.464762 -1.000000 -1.000000 -1.000000 -1.000000 -1.000000 -1.000000 0.472707 0.556641 -1.000000 -1.000000 -1.000000 -1.000000 -1.000000 -1.000000
TEXT short review: superb.
0 5.401284 -3.865095 1.092888 2 3 3766 2171 1951 0 0 0 0 0 0 0 0 0 0 0 0 0 0 0 0 0 0 0 0 0 0 0 0 0 0 0 0 0 0 0 0 0 0 0 0 0 0 0 0 0 0 0 0 0 0 0 0 0 0 0 0 0 0 0 0 0 0 0 0 0 0 0 0 0 0 0 0 0 0 0 0 0 0 0 0 0 0 0 0 0 0 0 0 0 0 0 0 0 0 0 0 0 0.634339 0.458549 -1.000000 -1.000000 -1.000000 -1.000000 -1.000000 -1.000000 0.545504 0.508058 -1.000000 -1.000000 -1.000000 -1.000000 -1.000000 -1.000000
TEXT bad.
0 7.064857 -4.975554 0.984716 2 1 1615 0 0 0 0 0 0 0 0 0 0 0 0 0 0 0 0 0 0 0 0 0 0 0 0 0 0 0 0 0 0 0 0 0 0 0 0 0 0 0 0 0 0 0 0 0 0 0 0 0 0 0 0 0 0 0 0 0 0 0 0 0 0 0 0 0 0 0 0 0 0 0 0 0 0 0 0 0 0 0 0 0 0 0 0 0 0 0 0 0 0 0 0 0 0 0 0.553351 0.431365 -1.000000 -1.000000 -1.000000 -1.000000 -1.000000 -1.000000 0.315887 0.281263 -1.000000 -1.000000 -1.000000 -1.000000 -1.000000 -1.000000
TEXT the first act is clumsy and uneven meanwhile the cast shines, some scenes run slow, yet the final scene feels magnificent.
1 -5.673605 7.039208 0.642821 2 21 956 168 2653 749 3391 1362 2301 193 956 846 3165 887 2576 3018 3194 2783 956 3193 369 3441 3388 0 0 0 0 0 0 0 0 0 0 0 0 0 0 0 0 0 0 0 0 0 0 0 0 0 0 0 0 0 0 0 0 0 0 0 0 0 0 0 0 0 0 0 0 0 0 0 0 0 0 0 0 0 0 0 0 0 0 0 0 0 0 0 0 0 0 0 0 0 0 0 0 0 0 0 0.377908 0.264914 -1.000000 -1.000000 -1.000000 -1.000000 -1.000000 -1.000000 0.522169 0.642770 -1.000000 -1.000000 -1.000000 -1.000000 -1.000000 -1.000000
TEXT watched it last night and honestly it was neither great nor terrible but the ending is weak so i cannot recommend it.
0 0.812861 -0.369080 1.029019 2 22 3861 2016 1691 3634 1362 4 2016 54 2018 2079 3669 1733 3396 956 53 749 2938 2427 1908 4089 3747 2016 0 0 0 0 0 0 0 0 0 0 0 0 0 0 0 0 0 0 0 0 0 0 0 0 0 0 0 0 0 0 0 0 0 0 0 0 0 0 0 0 0 0 0 0 0 0 0 0 0 0 0 0 0 0 0 0 0 0 0 0 0 0 0 0 0 0 0 0 0 0 0 0 0 0 0.557500 0.471519 -1.000000 -1.000000 -1.000000 -1.000000 -1.000000 -1.000000 0.504872 0.591797 -1.000000 -1.000000 -1.000000 -1.000000 -1.000000 -1.000000
